
11100000 00000000 00000000
\xE0\x00\x00

00100000 00100000 00100000
\x20\x20\x20

11100000 00100000 10100000
\xE0\x20\xA0

00000000 00000000 11100000
\x00\x00\xE0

11100000 00000000 11100000
\xE0\x00\xE0

10100000 00100000 11100000
\xA0\x20\xE0

11100000 00100000 11100000
\xE0\x20\xE0

10000000 10000000 10000000
\x80\x80\x80

11100000 10000000 10100000
\xE0\x80\xA0

10100000 10100000 10100000
\xA0\xA0\xA0

11100000 10100000 10100000
\xE0\xA0\xA0

10100000 10000000 11100000
\xA0\x80\xE0

11100000 10000000 11100000
\xE0\x80\xE0

10100000 10100000 11100000
\xA0\xA0\xE0

11100000 10100000 11100000
\xE0\xA0\xE0

Food
11100000 11100000 11100000
\xE0\xE0\xE0

