0~8
Undiscovered mine (9)
Flag (10)
Wrong flag (11)
Checker (12)

11111111 11000000
10000000 11000000
10000000 01000000
10000000 01000000
10000000 01000000
10000000 01000000
10000000 01000000
10000000 01000000
10000000 01000000
11111111 11000000
FFC080C08040804080408040804080408040FFC0
\xFF\xC0\x80\xC0\x80\x40\x80\x40\x80\x40\x80\x40\x80\x40\x80\x40\x80\x40\xFF\xC0

11111111 11000000
10101010 11000000
11010101 01000000
10101010 11000000
11010101 01000000
10101010 11000000
11010101 01000000
10101010 11000000
11010101 01000000
11111111 11000000
FFC0AAC0D540AAC0D540AAC0D540AAC0D540FFC0
\xFF\xC0\xAA\xC0\xD5\x40\xAA\xC0\xD5\x40\xAA\xC0\xD5\x40\xAA\xC0\xD5\x40\xFF\xC0

11111111 11000000
10000000 01000000
10001100 01000000
10000100 01000000
10000100 01000000
10000100 01000000
10000100 01000000
10001110 01000000
10000000 01000000
11111111 11000000
FFC080408C4084408440844084408E408040FFC0
\xFF\xC0\x80\x40\x8C\x40\x84\x40\x84\x40\x84\x40\x84\x40\x8E\x40\x80\x40\xFF\xC0

11111111 11000000
10000000 01000000
10001100 01000000
10010010 01000000
10000010 01000000
10000100 01000000
10001000 01000000
10011110 01000000
10000000 01000000
11111111 11000000
FFC080408C4092408240844088409E408040FFC0
\xFF\xC0\x80\x40\x8C\x40\x92\x40\x82\x40\x84\x40\x88\x40\x9E\x40\x80\x40\xFF\xC0

11111111 11000000
10000000 01000000
10011110 01000000
10000010 01000000
10001100 01000000
10000010 01000000
10010010 01000000
10001100 01000000
10000000 01000000
11111111 11000000
FFC080409E4082408C40824092408C408040FFC0
\xFF\xC0\x80\x40\x9E\x40\x82\x40\x8C\x40\x82\x40\x92\x40\x8C\x40\x80\x40\xFF\xC0

11111111 11000000
10000000 01000000
10010000 01000000
10010100 01000000
10010100 01000000
10011110 01000000
10000100 01000000
10000100 01000000
10000000 01000000
11111111 11000000
FFC080409040944094409E40844084408040FFC0
\xFF\xC0\x80\x40\x90\x40\x94\x40\x94\x40\x9E\x40\x84\x40\x84\x40\x80\x40\xFF\xC0

11111111 11000000
10000000 01000000
10011110 01000000
10010000 01000000
10011100 01000000
10000010 01000000
10010010 01000000
10001100 01000000
10000000 01000000
11111111 11000000
FFC080409E4090409C40824092408C408040FFC0
\xFF\xC0\x80\x40\x9E\x40\x90\x40\x9C\x40\x82\x40\x92\x40\x8C\x40\x80\x40\xFF\xC0

11111111 11000000
10000000 01000000
10001100 01000000
10010010 01000000
10010000 01000000
10011100 01000000
10010010 01000000
10001100 01000000
10000000 01000000
11111111 11000000
FFC080408C40924090409C4092408C408040FFC0
\xFF\xC0\x80\x40\x8C\x40\x92\x40\x90\x40\x9C\x40\x92\x40\x8C\x40\x80\x40\xFF\xC0

11111111 11000000
10000000 01000000
10011110 01000000
10010010 01000000
10010010 01000000
10000100 01000000
10000100 01000000
10000100 01000000
10000000 01000000
11111111 11000000
FFC080409E40924092408440844084408040FFC0
\xFF\xC0\x80\x40\x9E\x40\x92\x40\x92\x40\x84\x40\x84\x40\x84\x40\x80\x40\xFF\xC0

11111111 11000000
10000000 01000000
10001100 01000000
10010010 01000000
10001100 01000000
10010010 01000000
10010010 01000000
10001100 01000000
10000000 01000000
11111111 11000000
FFC080408C4092408C40924092408C408040FFC0
\xFF\xC0\x80\x40\x8C\x40\x92\x40\x8C\x40\x92\x40\x92\x40\x8C\x40\x80\x40\xFF\xC0

11111111 11000000
10000000 01000000
10101101 01000000
10011110 01000000
10110111 01000000
10111111 01000000
10011110 01000000
10101101 01000000
10000000 01000000
11111111 11000000
FFC08040AD409E40B740BF409E40AD408040FFC0
\xFF\xC0\x80\x40\xAD\x40\x9E\x40\xB7\x40\xBF\x40\x9E\x40\xAD\x40\x80\x40\xFF\xC0

11111111 11000000
11111111 11000000
11110001 11000000
11100001 11000000
11110001 11000000
11111101 11000000
11111101 11000000
11100000 11000000
11111111 11000000
11111111 11000000
FFC0FFC0F1C0E1C0F1C0FDC0FDC0E0C0FFC0FFC0
\xFF\xC0\xFF\xC0\xF1\xC0\xE1\xC0\xF1\xC0\xFD\xC0\xFD\xC0\xE0\xC0\xFF\xC0\xFF\xC0

11111111 11000000
10111111 01000000
11010000 11000000
11100001 11000000
11110001 11000000
11110001 11000000
11101101 11000000
11000000 11000000
10111111 01000000
11111111 11000000
FFC0BF40D0C0E1C0F1C0F1C0EDC0C0C0BF40FFC0
\xFF\xC0\xBF\x40\xD0\xC0\xE1\xC0\xF1\xC0\xF1\xC0\xED\xC0\xC0\xC0\xBF\x40\xFF\xC0
