Empty
11111111 11111111
10000000 00000001
10000000 00000001
10000000 00000001
10000000 00000001
10000000 00000001
10000000 00000001
10000000 00000001
10000000 00000001
10000000 00000001
10000000 00000001
10000000 00000001
10000000 00000001
10000000 00000001
10000000 00000001
11111111 11111111
\xFF\xFF

2
11111111 11111111
10000000 00000001
10000000 00000001
10000000 00000001
10000001 10000001
10000010 01000001
10000000 01000001
10000000 10000001
10000001 00000001
10000010 00000001
10000011 11000001
10000000 00000001
10000000 00000001
10000000 00000001
10000000 00000001
11111111 11111111
FFFF80018001800181818241804180818101820183C18001800180018001FFFF
\xFF\xFF\x80\x01\x80\x01\x80\x01\x81\x81\x82\x41\x80\x41\x80\x81\x81\x01\x82\x01\x83\xC1\x80\x01\x80\x01\x80\x01\x80\x01\xFF\xFF

4
11111111 11111111
10000000 00000001
10000000 00000001
10000000 00000001
10000010 00000001
10000010 01000001
10000010 01000001
10000011 11000001
10000000 01000001
10000000 01000001
10000000 01000001
10000000 00000001
10000000 00000001
10000000 00000001
10000000 00000001
11111111 11111111
FFFF80018001800182018241824183C18041804180418001800180018001FFFF
\xFF\xFF\x80\x01\x80\x01\x80\x01\x82\x01\x82\x41\x82\x41\x83\xC1\x80\x41\x80\x41\x80\x41\x80\x01\x80\x01\x80\x01\x80\x01\xFF\xFF

8
11111111 11111111
10000000 00000001
10000000 00000001
10000000 00000001
10000001 10000001
10000010 01000001
10000010 01000001
10000001 10000001
10000010 01000001
10000010 01000001
10000001 10000001
10000000 00000001
10000000 00000001
10000000 00000001
10000000 00000001
11111111 11111111
FFFF80018001800181818241824181818241824181818001800180018001FFFF
\xFF\xFF\x80\x01\x80\x01\x80\x01\x81\x81\x82\x41\x82\x41\x81\x81\x82\x41\x82\x41\x81\x81\x80\x01\x80\x01\x80\x01\x80\x01\xFF\xFF

16
11111111 11111111
10000000 00000001
10000000 00000001
10000000 00000001
10000100 01100001
10001100 10010001
10000100 10000001
10000100 11100001
10000100 10010001
10000100 10010001
10001110 01100001
10000000 00000001
10000000 00000001
10000000 00000001
10000000 00000001
11111111 11111111
FFFF80018001800184618C91848184E1849184918E618001800180018001FFFF
\xFF\xFF\x80\x01\x80\x01\x80\x01\x84\x61\x8C\x91\x84\x81\x84\xE1\x84\x91\x84\x91\x8E\x61\x80\x01\x80\x01\x80\x01\x80\x01\xFF\xFF

32
11111111 11111111
10000000 00000001
10000000 00000001
10000000 00000001
10001100 01100001
10010010 10010001
10000010 00010001
10001100 00100001
10000010 01000001
10010010 10000001
10001100 11110001
10000000 00000001
10000000 00000001
10000000 00000001
10000000 00000001
11111111 11111111
FFFF8001800180018C61929182118C21824192818CF18001800180018001FFFF
\xFF\xFF\x80\x01\x80\x01\x80\x01\x8C\x61\x92\x91\x82\x11\x8C\x21\x82\x41\x92\x81\x8C\xF1\x80\x01\x80\x01\x80\x01\x80\x01\xFF\xFF

64
11111111 11111111
10000000 00000001
10000000 00000011
10000000 00000001
10001100 10000001
10010010 10010011
10010000 10010001
10011100 11110001
10010010 00010011
10010010 00010001
10001100 00010001
10000000 00000011
10000000 00000001
10000000 00000001
10100100 10001001
11111111 11111111
FFFF8001800380018C81929390919CF1921392118C11800380018001A489FFFF
\xFF\xFF\x80\x01\x80\x03\x80\x01\x8C\x81\x92\x93\x90\x91\x9C\xF1\x92\x13\x92\x11\x8C\x11\x80\x03\x80\x01\x80\x01\xA4\x89\xFF\xFF

128
11111111 11111111
10000000 00000001
10000000 00000011
10000000 00000001
10000000 00000001
10010111 01110011
10110001 01010001
10010111 01110001
10010100 01010011
10010111 01110001
10000000 00000001
10000000 00000011
10000000 00000001
10000000 00000001
10100100 10010011
11111111 11111111
FFFF80018003800180019773B1519771945397718001800380018001A493FFFF
\xFF\xFF\x80\x01\x80\x03\x80\x01\x80\x01\x97\x73\xB1\x51\x97\x71\x94\x53\x97\x71\x80\x01\x80\x03\x80\x01\x80\x01\xA4\x93\xFF\xFF

256
11111111 11111111
10000000 00000001
10000000 00000011
10000000 00000001
10000000 00000001
10111011 10111011
10001010 00100001
10111011 10111001
10100000 10101011
10111011 10111001
10000000 00000001
10000000 00000011
10000000 00000001
10000000 00000001
10100100 10010011
11111111 11111111
FFFF8001800380018001BBBB8A21BBB9A0ABBBB98001800380018001A493FFFF
\xFF\xFF\x80\x01\x80\x03\x80\x01\x80\x01\xBB\xBB\x8A\x21\xBB\xB9\xA0\xAB\xBB\xB9\x80\x01\x80\x03\x80\x01\x80\x01\xA4\x93\xFF\xFF

512
11111111 11111111
10000000 00000001
10000000 00000011
10000000 00000001
10000000 00000001
10111001 01110011
10100011 00010001
10111001 01110001
10001001 01000011
10111001 01110001
10000000 00000001
10000000 00000011
10000000 00000001
10000000 00000001
10100100 10010011
11111111 11111111
FFFF8001800380018001B973A311B9718943B9718001800380018001A493FFFF
\xFF\xFF\x80\x01\x80\x03\x80\x01\x80\x01\xB9\x73\xA3\x11\xB9\x71\x89\x43\xB9\x71\x80\x01\x80\x03\x80\x01\x80\x01\xA4\x93\xFF\xFF

1024
11111111 11111111
10000000 00000001
10000100 11100011
10001100 10100011
10000100 10100011
10000100 10100011
10000100 11100011
10000000 00000011
10001110 10100011
10000010 10100011
10001110 11100011
10001000 00100011
10001110 00100011
10000000 00000011
10111111 11111111
11111111 11111111
FFFF800184E38CA384A384A384E380038EA382A38EE388238E238003BFFFFFFF
\xFF\xFF\x80\x01\x84\xE3\x8C\xA3\x84\xA3\x84\xA3\x84\xE3\x80\x03\x8E\xA3\x82\xA3\x8E\xE3\x88\x23\x8E\x23\x80\x03\xBF\xFF\xFF\xFF

2048
11111111 11111111
10000000 00000001
10001110 11100011
10000010 10100011
10001110 10100011
10001000 10100011
10001110 11100011
10000000 00000011
10001010 11100011
10001010 10100011
10001110 11100011
10000010 10100011
10000010 11100011
10000000 00000011
10111111 11111111
11111111 11111111
FFFF80018EE382A38EA388A38EE380038AE38AA38EE382A382E38003BFFFFFFF
\xFF\xFF\x80\x01\x8E\xE3\x82\xA3\x8E\xA3\x88\xA3\x8E\xE3\x80\x03\x8A\xE3\x8A\xA3\x8E\xE3\x82\xA3\x82\xE3\x80\x03\xBF\xFF\xFF\xFF

4096
11111111 11111111
10000000 00000001
10001010 11100011
10001010 10100011
10001110 10100011
10000010 10100011
10000010 11100011
10000000 00000011
10001110 11100011
10001010 10000011
10001110 11100011
10000010 10100011
10001110 11100011
10000000 00000011
10111111 11111111
11111111 11111111
FFFF80018AE38AA38EA382A382E380038EE38A838EE382A38EE38003BFFFFFFF
\xFF\xFF\x80\x01\x8A\xE3\x8A\xA3\x8E\xA3\x82\xA3\x82\xE3\x80\x03\x8E\xE3\x8A\x83\x8E\xE3\x82\xA3\x8E\xE3\x80\x03\xBF\xFF\xFF\xFF

8192
11111111 11111111
10000000 00000001
10001110 01000011
10001010 11000011
10001110 01000011
10001010 01000011
10001110 01000011
10000000 00000011
10001110 11100011
10001010 00100011
10001110 11100011
10000010 10000011
10001110 11100011
10000000 00000011
10111111 11111111
11111111 11111111
FFFF80018E438AC38E438A438E4380038EE38A238EE382838EE38003BFFFFFFF
\xFF\xFF\x80\x01\x8E\x43\x8A\xC3\x8E\x43\x8A\x43\x8E\x43\x80\x03\x8E\xE3\x8A\x23\x8E\xE3\x82\x83\x8E\xE3\x80\x03\xBF\xFF\xFF\xFF

16384
11111111 11111111
11111111 11111101
11111011 00011101
11110011 01111101
11111011 00011101
11111011 01011101
11111011 00011101
11111111 11111101
11000100 01010101
11110101 01010101
11000100 01000101
11110101 01110101
11000100 01110101
11111111 11111101
10000000 00000001
11111111 11111111
FFFFFFFDFB1DF37DFB1DFB5DFB1DFFFDC455F555C445F575C475FFFD8001FFFF
\xFF\xFF\xFF\xFD\xFB\x1D\xF3\x7D\xFB\x1D\xFB\x5D\xFB\x1D\xFF\xFD\xC4\x55\xF5\x55\xC4\x45\xF5\x75\xC4\x75\xFF\xFD\x80\x01\xFF\xFF

32768
11111111 11111111
11111111 11111101
11110001 00011101
11111101 11011101
11110001 00011101
11111101 01111101
11110001 00011101
11111111 11111101
11000100 01000101
11010101 11010101
11110100 01000101
11110101 01010101
11110100 01000101
11111111 11111101
10000000 00000001
11111111 11111111
FFFFFFFDF11DFDDDF11DFD7DF11DFFFDC445D5D5F445F555F445FFFD8001FFFF
\xFF\xFF\xFF\xFD\xF1\x1D\xFD\xDD\xF1\x1D\xFD\x7D\xF1\x1D\xFF\xFD\xC4\x45\xD5\xD5\xF4\x45\xF5\x55\xF4\x45\xFF\xFD\x80\x01\xFF\xFF

65536
11111111 11111111
11111111 11111101
11110001 00011101
11110111 01111101
11110001 00011101
11110101 11011101
11110001 00011101
11111111 11111101
11000100 01000101
11011111 01011101
11000100 01000101
11110111 01010101
11000100 01000101
11111111 11111101
10000000 00000001
11111111 11111111
FFFFFFFDF11DF77DF11DF5DDF11DFFFDC445DF5DC445F755C445FFFD8001FFFF
\xFF\xFF\xFF\xFD\xF1\x1D\xF7\x7D\xF1\x1D\xF5\xDD\xF1\x1D\xFF\xFD\xC4\x45\xDF\x5D\xC4\x45\xF7\x55\xC4\x45\xFF\xFD\x80\x01\xFF\xFF

130172
11111111 11111111
11111111 11111101
11101000 10001101
11001110 10101101
11101000 10101101
11101110 10101101
11101000 10001101
11111111 11111101
11101000 10001101
11001010 11101101
11101010 10001101
11101110 10111101
11101110 10001101
11111111 11111101
10000000 00000001
11111111 11111111
FFFFFFFDE88DCEADE8ADEEADE88DFFFDE88DCAEDEA8DEEBDEE8DFFFD8001FFFF
\xFF\xFF\xFF\xFD\xE8\x8D\xCE\xAD\xE8\xAD\xEE\xAD\xE8\x8D\xFF\xFD\xE8\x8D\xCA\xED\xEA\x8D\xEE\xBD\xEE\x8D\xFF\xFD\x80\x01\xFF\xFF

Can go UI
00000000 01111110 00000000
00000011 10000001 11000000
00000100 00011000 00100000
00001000 00111100 00010000
00010000 01111110 00001000
00100000 00011000 00000100
01000000 00011000 00000010
01000000 00011000 00000010
01000000 00011000 00000010
10001000 00011000 00010001
10011000 00000000 00011001
10111111 11011011 11111101
10111111 11011011 11111101
10011000 00000000 00011001
10001000 00011000 00010001
01000000 00011000 00000010
01000000 00011000 00000010
01000000 00011000 00000010
00100000 00011000 00000100
00010000 01111110 00001000
00001000 00111100 00010000
00000100 00011000 00100000
00000011 10000001 11000000
00000000 01111110 00000000
\x00\x7E\x00\x03\x81\xC0\x04\x18\x20\x08\x3C\x10\x10\x7E\x08\x20\x18\x04\x40\x18\x02\x40\x18\x02\x40\x18\x02\x88\x18\x11\x98\x00\x19\xBF\xDB\xFD\xBF\xDB\xFD\x98\x00\x19\x88\x18\x11\x40\x18\x02\x40\x18\x02\x40\x18\x02\x20\x18\x04\x10\x7E\x08\x08\x3C\x10\x04\x18\x20\x03\x81\xC0\x00\x7E\x00



